Loading and Processing Data...
Data MIMIC successfully loaded for features ['DBP', 'ESI', 'HR', 'RR', 'SBP', 'SPO2', 'TEMP', 'age', 'gender'] and outcomes ['Death', 'Discharge', 'ICU', 'Ward'].
(X, y) shape: (8328, 10, 9), (8328, 4)
Outcome Distribution: Death          26
Discharge    2860
ICU          1321
Ward         4121
dtype: int64
Loading and Training Model for fold 1...
 Logging experiments in exps/DirVRNN/Run_11_2023-08-02_17-04-30/fold_1
est_z:  tensor([[ 0.1791,  0.8400,  0.8147,  ..., -0.7492, -0.8916,  0.5071],
        [ 1.3322,  0.9830,  1.2304,  ...,  0.1254,  0.6774,  1.2119],
        [ 0.7013,  0.3937,  1.2087,  ...,  1.0408, -0.1212,  1.5861],
        ...,
        [ 1.4355,  0.8161, -0.4405,  ..., -0.5157,  0.6838,  0.7977],
        [ 2.3879,  2.2987,  0.4790,  ..., -1.5029,  2.3497,  0.3543],
        [ 0.6045,  0.3804,  1.2017,  ...,  1.2434, -0.1810,  1.6539]],
       grad_fn=<MmBackward0>)
est_pi:  tensor([[8.5232e-03, 1.5586e-01, 1.5968e-05, 1.1083e-02, 8.1793e-01, 6.5812e-03],
        [2.4763e-02, 1.1279e-02, 2.2333e-01, 3.8564e-01, 1.3309e-02, 3.4167e-01],
        [6.8716e-02, 3.7421e-02, 3.2864e-04, 3.0184e-01, 2.1210e-02, 5.7048e-01],
        [7.5741e-01, 5.8788e-02, 2.5233e-02, 4.9949e-02, 6.8683e-07, 1.0862e-01],
        [1.7904e-03, 7.4412e-01, 1.3613e-02, 1.8565e-10, 6.7361e-02, 1.7311e-01],
        [3.3389e-01, 1.5316e-01, 2.3605e-01, 1.2221e-06, 5.5755e-04, 2.7634e-01],
        [2.2825e-01, 9.2660e-02, 2.3606e-01, 2.1074e-01, 2.2751e-01, 4.7741e-03],
        [3.9507e-01, 6.6392e-02, 4.9300e-03, 1.6352e-05, 1.0797e-05, 5.3358e-01],
        [6.2944e-01, 2.2175e-02, 3.8938e-07, 1.1622e-01, 1.8949e-01, 4.2663e-02],
        [5.2467e-06, 1.7009e-02, 7.9707e-02, 4.6005e-05, 9.0305e-01, 1.8545e-04],
        [2.4124e-01, 1.7403e-02, 6.0288e-05, 1.0299e-01, 2.5942e-01, 3.7888e-01],
        [7.1541e-01, 9.7950e-04, 4.4155e-02, 2.3042e-01, 1.5427e-03, 7.4926e-03],
        [3.5605e-06, 8.4273e-01, 6.5294e-04, 5.8160e-03, 9.0144e-02, 6.0650e-02],
        [4.0127e-01, 1.5186e-03, 1.2544e-06, 1.0193e-02, 5.8701e-01, 6.3020e-10],
        [3.7299e-01, 1.1013e-03, 8.4909e-02, 5.1770e-01, 2.2803e-02, 4.9884e-04],
        [1.2105e-12, 8.0530e-05, 2.6744e-03, 5.1873e-01, 5.8217e-03, 4.7270e-01],
        [2.0294e-04, 1.8140e-07, 5.7199e-01, 3.6193e-01, 5.7220e-02, 8.6537e-03],
        [1.6218e-01, 4.4340e-01, 1.6650e-01, 1.4767e-02, 2.0928e-01, 3.8712e-03],
        [5.2310e-02, 4.2326e-02, 6.1974e-04, 3.9342e-03, 2.6705e-03, 8.9814e-01],
        [5.7398e-03, 1.0574e-04, 2.1611e-01, 1.2223e-01, 4.9374e-06, 6.5581e-01],
        [4.8867e-01, 6.1563e-03, 2.3043e-01, 6.0794e-02, 1.7936e-01, 3.4588e-02],
        [3.7077e-01, 4.7006e-04, 2.2148e-02, 1.4069e-03, 5.7094e-01, 3.3108e-02],
        [2.7929e-01, 6.3388e-05, 2.6594e-02, 1.9318e-01, 1.2597e-01, 3.7491e-01],
        [4.5285e-02, 3.9731e-06, 2.1553e-01, 4.2697e-01, 3.0988e-01, 2.3309e-03],
        [5.0906e-01, 1.1962e-01, 1.2460e-01, 1.0556e-02, 2.0769e-02, 2.1540e-01],
        [1.5835e-04, 5.8054e-02, 1.1126e-06, 3.8895e-02, 9.0025e-01, 2.6338e-03],
        [1.3553e-04, 9.3471e-12, 1.9525e-07, 8.1951e-02, 9.1731e-01, 5.9399e-04],
        [1.1256e-08, 3.7372e-02, 2.2277e-03, 1.3441e-01, 5.4925e-01, 2.7674e-01],
        [2.7647e-01, 1.7476e-01, 1.3683e-02, 2.5597e-01, 7.8455e-02, 2.0066e-01],
        [1.8382e-02, 4.9619e-01, 2.4501e-01, 1.5746e-03, 2.3826e-01, 5.8952e-04],
        [6.9608e-03, 1.2844e-04, 7.8383e-01, 2.0817e-01, 9.0231e-04, 1.4447e-06],
        [8.2114e-02, 2.7750e-03, 1.1243e-03, 2.6249e-01, 5.9165e-05, 6.5143e-01]],
       grad_fn=<DivBackward0>)
est_z:  tensor([[ 0.5343, -0.3447,  0.0157,  ...,  1.3506,  1.9970, -0.3217],
        [-0.6074, -1.0539,  1.4678,  ...,  0.4690,  1.1232, -1.3098],
        [ 0.3450, -0.4893, -1.5538,  ...,  1.4859,  2.2601, -0.0815],
        ...,
        [-0.7215, -1.1347,  1.1024,  ...,  0.3207,  1.1012, -1.4035],
        [-1.2614, -1.3377,  1.1775,  ...,  0.2924,  0.8167, -1.5381],
        [ 0.7016,  0.3047,  1.9816,  ...,  1.3707,  1.3430, -0.6168]],
       grad_fn=<MmBackward0>)
est_pi:  tensor([[2.9104e-04, 1.1305e-04, 1.3006e-01, 2.5319e-02, 3.9619e-01, 4.4802e-01],
        [2.9644e-08, 2.6699e-02, 1.1784e-04, 6.4978e-01, 3.2301e-01, 3.5307e-04],
        [5.3432e-08, 6.5920e-07, 2.3151e-01, 1.8290e-02, 1.1072e-06, 7.5019e-01],
        [1.0651e-02, 2.2362e-04, 9.8909e-01, 2.3333e-10, 2.4939e-05, 4.7351e-06],
        [2.2566e-04, 2.2191e-03, 5.2030e-07, 4.0383e-01, 5.9372e-01, 1.0441e-07],
        [7.9086e-01, 5.6272e-04, 1.2130e-01, 5.4453e-02, 1.2431e-03, 3.1512e-02],
        [3.5324e-01, 1.1027e-01, 2.5695e-03, 6.0555e-04, 2.6948e-07, 5.3332e-01],
        [3.4049e-02, 9.1380e-02, 8.2777e-01, 4.6518e-02, 2.6337e-04, 1.5123e-05],
        [3.8532e-01, 4.8288e-01, 5.9834e-02, 6.0575e-02, 1.8383e-06, 1.1393e-02],
        [4.9299e-03, 5.1612e-01, 3.6229e-01, 9.8725e-02, 1.7503e-02, 4.3088e-04],
        [2.4281e-03, 9.7070e-01, 3.9981e-05, 4.8828e-04, 1.8925e-02, 7.4166e-03],
        [9.9178e-08, 1.5138e-01, 9.2823e-02, 5.9375e-04, 2.9003e-01, 4.6518e-01],
        [7.3557e-01, 2.1045e-03, 1.6140e-03, 1.0373e-03, 2.5967e-01, 1.5101e-09],
        [2.4178e-01, 5.5898e-01, 3.6197e-04, 5.7024e-04, 1.9816e-01, 1.4787e-04],
        [3.5092e-06, 2.0956e-05, 4.3204e-01, 4.2726e-08, 6.7049e-02, 5.0089e-01],
        [5.8796e-02, 7.7074e-01, 1.2974e-01, 1.0623e-04, 4.0155e-02, 4.6279e-04],
        [2.9819e-02, 6.1418e-01, 2.6743e-01, 4.1859e-04, 3.4263e-02, 5.3893e-02],
        [9.0623e-05, 4.9658e-01, 4.8396e-01, 1.5215e-02, 1.2845e-04, 4.0172e-03],
        [4.1337e-01, 3.8262e-01, 5.3921e-02, 1.0743e-02, 1.9649e-04, 1.3915e-01],
        [3.7535e-01, 1.4558e-03, 4.6060e-02, 9.7147e-03, 1.4214e-02, 5.5320e-01],
        [1.1180e-01, 7.9604e-03, 1.2626e-05, 4.6961e-01, 5.0139e-02, 3.6047e-01],
        [1.5147e-01, 9.6503e-03, 2.6238e-01, 6.1895e-06, 2.0675e-02, 5.5581e-01],
        [5.2441e-01, 1.4275e-03, 1.7918e-03, 4.0106e-01, 2.5570e-03, 6.8761e-02],
        [2.3088e-03, 2.4947e-08, 9.3791e-01, 9.5213e-03, 2.7063e-06, 5.0257e-02],
        [2.7473e-09, 9.9399e-01, 3.6632e-03, 7.5580e-05, 1.0742e-03, 1.1948e-03],
        [4.6196e-02, 1.2802e-06, 2.3914e-01, 1.5778e-01, 3.4306e-02, 5.2258e-01],
        [1.1605e-01, 4.1198e-04, 2.5039e-02, 8.4510e-01, 1.0244e-02, 3.1568e-03],
        [1.5092e-03, 8.8380e-01, 3.5752e-02, 5.5728e-04, 7.8381e-02, 1.0831e-18],
        [2.4096e-01, 4.1389e-01, 3.4309e-01, 1.6251e-04, 1.1572e-05, 1.8805e-03],
        [1.6391e-02, 8.6549e-06, 4.7670e-02, 7.0803e-01, 2.2170e-01, 6.1901e-03],
        [1.8999e-05, 9.4571e-02, 2.2651e-13, 9.0495e-01, 1.1268e-06, 4.4395e-04],
        [1.4538e-03, 1.3348e-01, 8.0626e-02, 1.6077e-02, 7.6544e-01, 2.9248e-03]],
       grad_fn=<DivBackward0>)
est_z:  tensor([[ 1.0523,  0.3824,  0.6205,  ...,  0.4781,  1.4255,  0.8117],
        [ 0.6258, -0.4366,  1.3536,  ...,  0.3376,  0.8216,  1.2446],
        [ 1.1721, -1.4934, -1.1238,  ...,  0.9934,  0.0276,  0.8608],
        ...,
        [ 1.9165,  0.3040,  0.5754,  ..., -0.4297,  0.5223,  0.5677],
        [ 0.0493,  0.2504,  1.4237,  ...,  0.4571,  0.5042,  0.7301],
        [ 1.6115,  0.4270,  0.7339,  ...,  0.1385,  1.1930,  0.7217]],
       grad_fn=<MmBackward0>)
est_pi:  tensor([[2.5743e-01, 6.8861e-03, 6.6547e-03, 2.0459e-01, 7.3618e-04, 5.2369e-01],
        [4.6880e-03, 1.5743e-01, 1.4186e-01, 2.4088e-02, 2.9644e-01, 3.7549e-01],
        [1.4204e-01, 2.5828e-05, 8.5040e-01, 7.4791e-05, 5.0122e-03, 2.3245e-03],
        [1.2264e-01, 3.7157e-02, 4.0713e-03, 8.3103e-01, 4.3410e-07, 5.1024e-03],
        [2.4451e-02, 3.0917e-01, 2.8938e-04, 6.5935e-01, 6.7290e-03, 3.2007e-06],
        [4.5869e-01, 5.2948e-01, 4.2033e-05, 5.2877e-07, 1.1772e-02, 9.4381e-06],
        [3.3461e-04, 5.2813e-01, 4.1289e-01, 5.8642e-02, 4.1378e-10, 3.6586e-09],
        [1.9433e-07, 6.2139e-01, 5.1137e-03, 5.2327e-02, 9.4917e-09, 3.2115e-01],
        [3.7990e-01, 1.4332e-01, 2.4132e-05, 4.7553e-01, 7.7227e-04, 4.5054e-04],
        [4.5385e-04, 9.8622e-01, 4.2861e-03, 8.2901e-03, 4.5800e-04, 2.8645e-04],
        [4.9577e-02, 5.9289e-03, 1.4444e-01, 5.8803e-02, 3.6242e-02, 7.0501e-01],
        [3.3712e-08, 2.3695e-01, 1.9419e-01, 4.4931e-01, 1.1955e-01, 8.6128e-06],
        [2.2737e-09, 1.6297e-01, 1.0961e-06, 2.6915e-01, 3.7660e-01, 1.9128e-01],
        [5.3399e-02, 5.2313e-05, 3.7387e-02, 9.0104e-01, 5.1014e-03, 3.0171e-03],
        [6.6454e-01, 2.7036e-02, 3.0320e-01, 5.1869e-03, 4.4344e-05, 7.4986e-14],
        [4.8538e-02, 9.0895e-16, 1.3111e-02, 7.9241e-01, 2.8159e-03, 1.4312e-01],
        [9.3919e-01, 5.9768e-02, 1.0396e-03, 1.2256e-11, 3.4551e-10, 1.3319e-08],
        [3.0900e-01, 1.8010e-01, 2.0260e-01, 7.5464e-04, 3.0755e-01, 3.1652e-07],
        [1.4317e-01, 1.5840e-05, 1.4736e-06, 4.1623e-01, 3.2663e-01, 1.1396e-01],
        [3.6500e-08, 5.0110e-03, 6.4484e-07, 5.3833e-01, 1.3497e-01, 3.2169e-01],
        [1.2959e-01, 2.0858e-02, 4.7157e-02, 3.6616e-01, 3.8536e-02, 3.9770e-01],
        [1.4804e-03, 5.1365e-01, 4.8486e-01, 2.6791e-09, 2.9616e-06, 5.0407e-06],
        [3.0893e-01, 3.7182e-04, 1.6849e-04, 3.0830e-01, 4.5040e-06, 3.8217e-01],
        [4.8647e-01, 6.4224e-02, 3.0698e-02, 6.5255e-07, 1.8548e-01, 2.3313e-01],
        [1.0639e-02, 3.4244e-02, 1.2514e-02, 1.5698e-01, 7.6746e-01, 1.8158e-02],
        [1.1753e-08, 8.5427e-02, 1.1105e-01, 2.0279e-01, 3.1601e-03, 5.9757e-01],
        [3.6033e-01, 5.6666e-03, 7.7052e-02, 2.0652e-03, 2.4985e-01, 3.0504e-01],
        [9.4076e-01, 4.2760e-02, 2.1430e-03, 1.7858e-07, 4.8036e-07, 1.4329e-02],
        [6.6486e-01, 1.0913e-01, 9.3377e-08, 8.8694e-03, 1.3203e-06, 2.1713e-01],
        [1.1045e-01, 2.5717e-02, 2.6814e-12, 3.3807e-01, 3.4695e-01, 1.7881e-01],
        [5.0692e-01, 4.9195e-01, 6.6692e-05, 9.3319e-04, 1.2770e-04, 1.0488e-09],
        [2.2955e-02, 6.4884e-07, 9.2336e-05, 3.1597e-01, 1.4061e-01, 5.2037e-01]],
       grad_fn=<DivBackward0>)
est_z:  tensor([[ 0.1567,  0.8977, -0.4252,  ...,  1.2195,  1.1141,  0.0315],
        [-1.3326,  0.9552,  0.6917,  ...,  0.2966,  0.2128, -0.2045],
        [ 0.1080, -0.8510,  2.0363,  ...,  2.6632,  1.0075, -0.5420],
        ...,
        [-0.5045,  1.9603,  1.3324,  ...,  0.8726,  0.6119,  0.2966],
        [-0.6977,  0.8358,  0.0923,  ...,  0.5916, -0.3014, -0.2628],
        [-0.5425, -0.1254,  2.1210,  ..., -1.5791, -2.3531, -0.9510]],
       grad_fn=<MmBackward0>)
est_pi:  tensor([[1.5343e-07, 8.0898e-04, 1.4628e-04, 1.0929e-01, 4.5927e-01, 4.3048e-01],
        [2.3282e-04, 3.7721e-01, 3.7485e-03, 4.0435e-01, 1.4631e-02, 1.9983e-01],
        [2.4654e-02, 7.5427e-02, 6.1342e-01, 7.2292e-04, 2.1706e-01, 6.8713e-02],
        [1.9671e-01, 1.7784e-14, 3.6111e-06, 9.8213e-03, 7.3252e-02, 7.2021e-01],
        [1.6658e-07, 2.8476e-01, 8.0298e-08, 5.4953e-10, 4.8177e-01, 2.3348e-01],
        [5.5605e-02, 2.2596e-01, 1.1522e-02, 1.6053e-01, 5.2564e-01, 2.0740e-02],
        [1.8508e-03, 2.3595e-02, 1.3473e-01, 3.3859e-03, 2.6996e-01, 5.6647e-01],
        [2.8011e-04, 3.3009e-02, 8.3989e-01, 7.2276e-03, 1.1233e-01, 7.2637e-03],
        [8.9451e-02, 1.1251e-01, 1.8621e-04, 6.8257e-01, 5.8952e-05, 1.1521e-01],
        [2.3393e-01, 4.2655e-01, 3.3336e-01, 5.6835e-03, 2.7401e-04, 2.0275e-04],
        [5.4245e-01, 3.1724e-01, 1.1802e-02, 4.4347e-04, 1.6444e-03, 1.2642e-01],
        [7.1040e-05, 2.9926e-04, 9.1970e-01, 7.8967e-02, 5.8959e-13, 9.5518e-04],
        [9.6922e-03, 1.0285e-01, 3.4574e-03, 7.0020e-05, 5.2042e-01, 3.6351e-01],
        [1.5959e-01, 3.0968e-05, 4.0681e-03, 3.8056e-01, 3.6092e-01, 9.4826e-02],
        [1.2726e-04, 3.4179e-02, 1.1512e-05, 5.4094e-05, 7.6337e-02, 8.8884e-01],
        [1.1500e-04, 5.6841e-02, 3.8811e-01, 5.2399e-01, 3.0942e-02, 6.2417e-11],
        [5.0052e-03, 5.7757e-01, 9.2676e-02, 3.2319e-01, 2.1147e-05, 1.5341e-03],
        [1.4418e-01, 2.7093e-01, 4.3084e-01, 1.5399e-01, 4.6453e-05, 3.1143e-10],
        [4.1611e-05, 1.7347e-01, 6.7794e-01, 9.7923e-06, 1.7894e-02, 1.3064e-01],
        [1.1877e-02, 2.2826e-06, 3.9967e-01, 2.1605e-02, 5.6226e-01, 4.5874e-03],
        [4.9662e-04, 8.5068e-04, 2.7767e-05, 6.0741e-01, 1.9306e-01, 1.9815e-01],
        [4.4738e-03, 8.6866e-01, 5.9169e-04, 5.5188e-04, 1.2449e-01, 1.2372e-03],
        [2.4525e-01, 1.3164e-02, 1.4342e-02, 6.0987e-03, 7.2115e-01, 3.2551e-07],
        [5.9133e-01, 1.2935e-03, 5.5058e-02, 3.5218e-01, 2.5157e-07, 1.4359e-04],
        [9.7656e-02, 8.1185e-01, 2.5880e-02, 2.3417e-02, 8.9223e-03, 3.2274e-02],
        [4.4915e-04, 1.9439e-01, 7.6554e-01, 3.8777e-02, 3.4887e-07, 8.4864e-04],
        [8.2144e-03, 1.6811e-01, 3.8881e-02, 7.8036e-01, 2.4661e-03, 1.9577e-03],
        [2.8985e-01, 9.1710e-05, 3.1648e-02, 5.6540e-01, 2.3654e-06, 1.1300e-01],
        [6.5253e-04, 2.6338e-04, 4.7497e-03, 2.0190e-04, 8.5170e-01, 1.4243e-01],
        [4.7648e-01, 7.1594e-02, 7.5659e-11, 4.4736e-01, 3.8780e-06, 4.5538e-03],
        [2.6695e-02, 4.1493e-01, 7.5914e-08, 1.4436e-01, 1.8014e-02, 3.9599e-01],
        [3.3955e-04, 9.8811e-01, 1.0558e-02, 7.0946e-04, 2.2760e-05, 2.6257e-04]],
       grad_fn=<DivBackward0>)
est_z:  tensor([[ 0.8024,  0.9531, -0.7249,  ...,  0.0611, -0.9604,  0.3811],
        [ 0.1442,  0.1842, -0.2594,  ..., -0.0594, -0.8161, -0.0846],
        [ 0.3540,  0.3739,  1.1668,  ...,  0.0201, -0.0116,  0.2404],
        ...,
        [ 0.8658,  1.9032,  0.8056,  ...,  0.8032,  1.2335,  1.4230],
        [ 1.9268, -1.3998,  1.9495,  ..., -0.4105,  1.1847,  0.0282],
        [ 1.7800, -0.8828,  1.9328,  ..., -0.2135,  1.2613,  0.2512]],
       grad_fn=<MmBackward0>)
est_pi:  tensor([[2.6834e-03, 4.2039e-01, 3.5229e-02, 2.0140e-01, 3.2650e-01, 1.3768e-02],
        [2.2278e-05, 8.2642e-07, 2.1833e-08, 4.3082e-01, 2.9782e-01, 2.7133e-01],
        [3.6479e-01, 4.5832e-06, 1.9131e-01, 4.0938e-01, 3.1590e-02, 2.9243e-03],
        [1.3042e-07, 1.3939e-01, 2.8230e-08, 3.2471e-07, 1.1193e-01, 7.4868e-01],
        [7.8310e-03, 9.9201e-01, 1.4804e-04, 1.0790e-05, 2.7890e-07, 9.2595e-08],
        [7.3345e-03, 9.3417e-01, 8.8095e-06, 7.1222e-04, 5.7775e-02, 1.7381e-06],
        [1.1080e-06, 5.6897e-01, 1.5579e-01, 3.2443e-05, 2.1220e-07, 2.7520e-01],
        [9.2135e-02, 1.7483e-01, 3.3699e-01, 6.9125e-02, 2.8705e-01, 3.9866e-02],
        [3.6951e-01, 2.7912e-07, 4.3723e-02, 1.6261e-01, 4.2377e-01, 3.8553e-04],
        [4.0391e-06, 1.7261e-04, 9.9652e-06, 6.0415e-01, 3.5209e-02, 3.6045e-01],
        [9.6490e-01, 2.1001e-13, 4.3401e-07, 3.5029e-02, 2.1803e-05, 4.7763e-05],
        [3.2608e-01, 2.2401e-01, 9.2792e-02, 3.5711e-01, 5.8875e-07, 1.0795e-07],
        [6.6211e-01, 1.1797e-02, 7.6526e-03, 5.0195e-02, 1.9380e-03, 2.6630e-01],
        [1.1393e-05, 2.0301e-05, 9.7071e-01, 6.6592e-03, 1.5207e-02, 7.3886e-03],
        [9.1593e-02, 2.1031e-02, 5.8218e-06, 7.1121e-01, 1.1895e-01, 5.7158e-02],
        [6.6632e-03, 7.6379e-08, 1.1147e-03, 6.4515e-06, 7.4737e-01, 2.4483e-01],
        [3.6857e-02, 6.2051e-09, 2.3711e-01, 3.0549e-01, 1.9955e-04, 4.2034e-01],
        [3.0943e-01, 1.4626e-01, 4.9851e-01, 3.5062e-02, 3.1922e-03, 7.5414e-03],
        [4.1784e-03, 2.7340e-01, 2.4403e-02, 1.1915e-02, 1.6357e-05, 6.8609e-01],
        [8.9692e-01, 1.7098e-05, 9.2033e-02, 6.6987e-03, 1.5396e-04, 1.4711e-05],
        [4.4824e-02, 1.2360e-01, 7.1377e-01, 2.4362e-02, 1.9944e-06, 9.3448e-02],
        [8.8975e-01, 4.0644e-02, 4.7187e-02, 7.4250e-04, 2.1677e-02, 2.5789e-08],
        [2.8625e-02, 3.2844e-02, 3.3513e-02, 2.7829e-02, 1.5914e-02, 8.6127e-01],
        [6.5075e-01, 2.1526e-01, 3.0406e-07, 6.6458e-03, 1.2475e-01, 2.5839e-03],
        [2.6510e-01, 1.6960e-05, 5.8860e-03, 5.3012e-01, 1.9468e-01, 4.1891e-03],
        [6.2758e-01, 1.7014e-03, 5.7853e-03, 1.8851e-01, 1.7641e-01, 6.0889e-06],
        [1.6746e-01, 2.9532e-01, 2.4440e-04, 9.3297e-02, 4.0925e-01, 3.4425e-02],
        [4.3892e-01, 5.8322e-02, 5.3874e-05, 2.0080e-01, 3.0176e-01, 1.3415e-04],
        [9.9229e-03, 3.0279e-04, 1.3645e-17, 2.4459e-01, 3.0523e-01, 4.3995e-01],
        [6.6429e-01, 9.7759e-03, 2.0586e-04, 7.3724e-04, 3.2471e-01, 2.7549e-04],
        [2.3383e-06, 2.3442e-04, 9.7337e-01, 1.1912e-06, 2.0883e-04, 2.6179e-02],
        [1.3645e-01, 2.6723e-05, 8.4895e-01, 6.5335e-05, 1.3025e-02, 1.4843e-03]],
       grad_fn=<DivBackward0>)
est_z:  tensor([[ 2.1044, -0.9630, -1.1467,  ...,  0.3158,  0.4004,  0.2436],
        [ 2.3299, -1.0174, -1.0096,  ...,  0.5046,  0.4199,  0.0131],
        [ 1.3257, -0.1940, -0.1813,  ...,  0.3526,  1.1708, -1.2687],
        ...,
        [ 1.0869, -0.2520, -0.3384,  ...,  0.3904,  1.0123,  0.7923],
        [ 2.4539, -0.7342, -0.2932,  ...,  0.6090,  0.1586, -1.3639],
        [ 0.8312, -0.2137, -0.6141,  ..., -0.0177,  0.6273,  1.1566]],
       grad_fn=<MmBackward0>)
est_pi:  tensor([[1.5548e-02, 7.9214e-06, 6.1057e-06, 4.4099e-01, 4.4504e-01, 9.8410e-02],
        [5.6630e-02, 9.4787e-03, 2.1220e-04, 4.5761e-01, 4.6948e-01, 6.5942e-03],
        [1.1037e-05, 8.0678e-01, 1.0491e-10, 9.1989e-02, 1.6412e-02, 8.4804e-02],
        [4.6930e-01, 6.1498e-07, 1.6244e-01, 1.2658e-01, 2.4168e-01, 1.5253e-06],
        [4.7326e-01, 2.3562e-04, 1.1333e-01, 2.7016e-01, 1.3533e-01, 7.6870e-03],
        [1.2975e-01, 3.7421e-04, 8.6312e-01, 4.6898e-03, 2.0556e-03, 1.4733e-08],
        [1.4191e-02, 2.7119e-01, 8.1550e-02, 1.8624e-04, 1.0303e-03, 6.3186e-01],
        [5.6437e-03, 1.0206e-06, 2.8197e-01, 5.2097e-02, 5.6509e-01, 9.5198e-02],
        [5.6008e-07, 9.5074e-01, 1.7282e-02, 3.1627e-02, 3.4729e-04, 3.3601e-09],
        [1.0580e-02, 1.3180e-01, 5.0884e-02, 2.9675e-02, 7.7698e-01, 7.5228e-05],
        [7.6399e-02, 4.4652e-02, 2.3254e-01, 9.0722e-25, 4.6366e-01, 1.8274e-01],
        [1.2227e-03, 3.1208e-01, 1.6346e-08, 1.0596e-01, 1.6112e-03, 5.7913e-01],
        [4.4782e-02, 1.9428e-03, 5.7258e-04, 8.6618e-02, 5.4356e-01, 3.2252e-01],
        [3.4094e-01, 9.2536e-02, 5.2931e-14, 6.4501e-02, 5.0083e-01, 1.1910e-03],
        [2.1476e-01, 1.0443e-05, 1.0859e-02, 4.1829e-10, 7.6069e-01, 1.3679e-02],
        [8.2040e-01, 8.9497e-02, 7.8879e-03, 8.2214e-08, 8.1862e-02, 3.4812e-04],
        [1.0786e-02, 5.1824e-01, 2.5852e-05, 6.4549e-03, 4.6450e-01, 2.8042e-10],
        [6.7599e-02, 4.3871e-02, 6.1006e-05, 7.1871e-02, 2.3830e-05, 8.1657e-01],
        [7.4706e-10, 9.4319e-01, 6.2588e-03, 4.1727e-03, 1.3136e-04, 4.6241e-02],
        [3.8891e-03, 3.4375e-03, 8.7368e-01, 1.1691e-01, 7.1263e-06, 2.0686e-03],
        [1.8630e-02, 7.5246e-01, 1.5677e-01, 2.3154e-05, 2.7082e-02, 4.5033e-02],
        [4.3362e-01, 7.0808e-03, 5.1080e-01, 8.4554e-05, 3.2944e-03, 4.5123e-02],
        [1.7462e-02, 5.6488e-01, 3.9170e-01, 2.5158e-02, 7.8069e-04, 2.2758e-06],
        [2.0592e-05, 5.6864e-05, 8.4956e-01, 2.4868e-04, 8.4466e-07, 1.5011e-01],
        [4.5086e-03, 1.3303e-01, 1.6761e-04, 6.5852e-01, 2.2556e-02, 1.8122e-01],
        [4.1660e-13, 4.2589e-02, 9.0129e-11, 1.1948e-03, 5.1601e-01, 4.4019e-01],
        [9.4067e-01, 1.3083e-03, 3.2721e-11, 1.4623e-04, 5.6539e-02, 1.3343e-03],
        [2.5803e-03, 4.1899e-03, 4.3300e-03, 9.5183e-01, 2.8123e-14, 3.7071e-02],
        [1.4273e-02, 2.6462e-01, 6.2178e-01, 2.9652e-02, 6.8936e-02, 7.3599e-04],
        [2.9849e-01, 1.5601e-01, 1.5537e-16, 2.6002e-03, 1.4108e-01, 4.0181e-01],
        [3.3226e-01, 2.2926e-01, 2.5159e-12, 4.2049e-01, 1.7976e-02, 2.7708e-06],
        [3.3153e-01, 1.8732e-14, 9.6545e-06, 4.5466e-02, 2.0965e-03, 6.2090e-01]],
       grad_fn=<DivBackward0>)
est_z:  tensor([[ 2.0686, -0.2269,  0.4394,  ...,  0.5148,  1.0854,  0.7694],
        [ 0.0446, -0.2621,  0.3710,  ...,  0.4615,  1.2932,  1.3098],
        [ 1.6166,  0.4673,  0.8560,  ...,  0.4875,  0.8978,  0.5016],
        ...,
        [ 1.0079,  0.6735,  1.6685,  ..., -0.5335, -0.1228,  0.3392],
        [-0.1478,  0.9950, -0.9664,  ...,  1.6392,  1.6703, -0.2705],
        [ 0.9644, -0.1930,  0.2522,  ..., -0.0280,  0.4737,  0.4202]],
       grad_fn=<MmBackward0>)
est_pi:  tensor([[5.6974e-02, 1.4638e-02, 9.2560e-01, 3.6863e-04, 2.3957e-03, 2.0671e-06],
        [1.1811e-01, 3.4086e-08, 2.8547e-01, 1.1595e-01, 4.2414e-01, 5.6288e-02],
        [2.0079e-04, 2.8001e-04, 7.4637e-01, 3.9890e-02, 1.8556e-08, 2.1326e-01],
        [4.1028e-02, 1.5493e-08, 7.2064e-01, 1.6883e-01, 7.0297e-05, 6.9430e-02],
        [1.7825e-05, 3.8501e-01, 7.0973e-02, 9.3846e-02, 1.6528e-04, 4.4941e-01],
        [1.5271e-05, 9.5899e-01, 6.8655e-10, 5.0504e-03, 3.5908e-02, 3.6900e-05],
        [6.2419e-07, 3.1955e-01, 3.6727e-01, 3.3322e-02, 2.5331e-01, 2.6546e-02],
        [1.8470e-03, 6.7127e-06, 2.5911e-02, 4.4703e-01, 4.8174e-01, 4.3465e-02],
        [2.9567e-12, 9.9388e-06, 8.3487e-01, 2.4921e-03, 1.4235e-03, 1.6118e-01],
        [1.5072e-05, 1.3387e-05, 6.0089e-02, 8.2568e-01, 6.4656e-02, 4.9512e-02],
        [1.6655e-08, 3.9966e-01, 3.6348e-01, 3.5576e-03, 2.3326e-01, 3.0964e-21],
        [5.6750e-01, 1.4324e-03, 3.0623e-01, 4.7554e-02, 7.2260e-04, 7.6560e-02],
        [1.9710e-01, 7.9314e-01, 5.3693e-03, 2.7470e-04, 5.5786e-04, 3.5478e-03],
        [4.0826e-02, 1.1316e-01, 6.8185e-01, 2.5261e-07, 5.0791e-04, 1.6362e-01],
        [9.4759e-06, 1.0533e-01, 2.2098e-01, 1.2019e-11, 2.0686e-05, 6.7366e-01],
        [2.4857e-01, 2.3767e-01, 1.5464e-01, 3.7711e-03, 3.1583e-01, 3.9509e-02],
        [2.8139e-04, 7.3340e-01, 2.6600e-01, 2.9936e-04, 1.8366e-05, 2.9553e-06],
        [6.9844e-01, 1.2528e-01, 1.6479e-01, 2.4160e-04, 1.9145e-07, 1.1239e-02],
        [1.8288e-01, 4.1767e-07, 1.4623e-04, 3.5868e-01, 8.5648e-02, 3.7264e-01],
        [4.1317e-03, 1.0209e-05, 5.2044e-01, 1.4316e-02, 8.5356e-08, 4.6110e-01],
        [6.6951e-04, 1.2724e-05, 5.3759e-01, 3.8836e-01, 5.5476e-02, 1.7890e-02],
        [8.3493e-11, 3.6394e-04, 2.8781e-01, 6.7988e-01, 2.6563e-02, 5.3769e-03],
        [7.7191e-10, 8.1560e-02, 8.2912e-01, 6.8050e-03, 4.0546e-03, 7.8461e-02],
        [3.5729e-01, 5.6517e-01, 1.8934e-03, 5.7956e-03, 2.7716e-02, 3.9783e-02],
        [3.6454e-03, 1.8180e-01, 1.1556e-01, 2.4934e-04, 6.9835e-01, 3.9229e-04],
        [3.1900e-01, 3.5693e-01, 1.0028e-02, 6.3902e-04, 3.1311e-01, 2.9516e-04],
        [1.2304e-01, 8.6006e-04, 1.0112e-04, 8.6339e-02, 3.5593e-06, 7.8965e-01],
        [3.0376e-08, 2.4913e-01, 1.6214e-01, 7.3072e-02, 3.3670e-01, 1.7896e-01],
        [3.0055e-02, 3.3094e-03, 2.3486e-01, 2.9924e-08, 7.3161e-01, 1.6276e-04],
        [1.9343e-05, 4.0582e-01, 4.9976e-02, 7.4860e-02, 1.6530e-04, 4.6915e-01],
        [7.3347e-03, 2.3545e-02, 2.9793e-03, 9.6361e-01, 2.6297e-05, 2.5038e-03],
        [9.6705e-02, 4.4638e-01, 6.0426e-04, 4.0701e-01, 6.2907e-05, 4.9240e-02]],
       grad_fn=<DivBackward0>)
est_z:  tensor([[ 0.6589, -0.5709, -1.1318,  ...,  0.2895,  3.3903,  0.5798],
        [ 0.7390,  0.7819,  0.2849,  ...,  0.4268,  0.3574,  0.3042],
        [ 0.8152,  0.4594,  0.3572,  ..., -0.6468, -0.1772, -0.3479],
        ...,
        [ 1.1189, -0.4058, -0.9115,  ..., -1.7547,  0.0901, -0.0936],
        [ 0.0704,  1.1375, -0.3472,  ...,  1.4432,  0.0981, -0.0838],
        [ 1.5883, -0.0190,  1.0146,  ..., -1.2626,  0.9803,  0.5113]],
       grad_fn=<MmBackward0>)
est_pi:  tensor([[1.2196e-02, 1.1898e-02, 1.0999e-02, 1.9299e-02, 7.5681e-04, 9.4485e-01],
        [3.8876e-01, 2.2372e-02, 5.8553e-01, 1.6734e-03, 6.4921e-07, 1.6621e-03],
        [6.6837e-03, 2.2620e-01, 3.0819e-01, 8.3101e-02, 3.4801e-01, 2.7816e-02],
        [5.4350e-07, 5.2692e-01, 7.0533e-02, 3.9791e-05, 3.9073e-01, 1.1781e-02],
        [2.7249e-03, 1.9069e-05, 3.5953e-02, 1.7246e-03, 3.2209e-03, 9.5636e-01],
        [2.6235e-02, 1.2831e-02, 9.2320e-05, 8.3773e-01, 8.2949e-04, 1.2228e-01],
        [2.7831e-01, 1.8726e-01, 1.0096e-02, 1.5203e-07, 2.9516e-01, 2.2916e-01],
        [5.9372e-04, 3.7189e-01, 4.9881e-03, 3.3845e-11, 5.2647e-05, 6.2248e-01],
        [1.0843e-02, 2.6970e-04, 7.1161e-02, 3.8638e-01, 2.4275e-03, 5.2892e-01],
        [3.0592e-01, 2.6488e-01, 3.3418e-05, 6.2951e-12, 3.9883e-01, 3.0330e-02],
        [2.1858e-02, 6.9731e-01, 3.2302e-02, 8.7996e-02, 9.1465e-08, 1.6054e-01],
        [1.4149e-01, 5.6533e-02, 1.3947e-04, 3.6858e-09, 8.0153e-01, 2.9964e-04],
        [7.3127e-05, 5.5749e-01, 3.7749e-02, 2.5767e-02, 3.6200e-01, 1.6922e-02],
        [1.1740e-02, 3.9228e-08, 6.6295e-01, 1.7753e-02, 2.3545e-01, 7.2068e-02],
        [3.0932e-01, 9.8207e-08, 4.4130e-01, 2.1901e-01, 1.3576e-02, 1.6761e-02],
        [2.9179e-03, 2.8765e-03, 2.7243e-01, 2.8847e-02, 6.3828e-01, 5.4638e-02],
        [1.6389e-01, 5.8676e-02, 2.2572e-01, 3.8552e-08, 1.4615e-01, 4.0556e-01],
        [1.2531e-03, 4.2578e-01, 9.8890e-04, 2.6770e-01, 2.9422e-01, 1.0061e-02],
        [3.3172e-02, 3.0591e-02, 7.6409e-04, 8.6247e-01, 4.4415e-04, 7.2555e-02],
        [8.1567e-07, 4.9993e-01, 3.4353e-14, 1.8326e-05, 3.0609e-01, 1.9396e-01],
        [3.6293e-01, 1.2860e-04, 3.3917e-01, 2.2134e-01, 1.0637e-05, 7.6419e-02],
        [5.4497e-01, 3.2756e-01, 3.5742e-02, 3.9369e-04, 5.6125e-02, 3.5210e-02],
        [6.9276e-02, 1.8005e-03, 1.2903e-01, 9.8851e-02, 4.2095e-01, 2.8009e-01],
        [4.9309e-04, 5.0590e-01, 1.1667e-02, 6.7117e-08, 1.0914e-05, 4.8193e-01],
        [1.2289e-01, 8.5700e-01, 1.5273e-05, 1.6354e-02, 3.6124e-04, 3.3792e-03],
        [1.3826e-01, 2.0437e-01, 3.0510e-01, 1.3063e-01, 3.4857e-04, 2.2130e-01],
        [5.3558e-08, 2.0225e-04, 2.6357e-01, 6.8943e-01, 4.6792e-02, 8.1514e-09],
        [2.7993e-01, 1.6818e-04, 3.9198e-02, 9.6425e-07, 1.6522e-01, 5.1548e-01],
        [6.5422e-02, 1.7317e-06, 1.0504e-02, 7.6514e-01, 6.7862e-04, 1.5825e-01],
        [2.2238e-02, 7.2913e-01, 7.4618e-08, 1.6564e-01, 5.5424e-02, 2.7569e-02],
        [9.0403e-03, 5.1179e-03, 8.8855e-01, 1.8192e-03, 9.5463e-02, 3.9982e-06],
        [6.2690e-01, 1.0276e-01, 2.2345e-03, 1.5183e-03, 8.0008e-02, 1.8657e-01]],
       grad_fn=<DivBackward0>)
est_z:  tensor([[ 0.4738, -0.5176,  0.2636,  ...,  0.2735,  1.0704,  0.6980],
        [ 0.2590, -0.9885, -1.2063,  ..., -1.4311,  1.2763, -0.2069],
        [ 2.7083, -1.6552,  0.3564,  ..., -0.6684,  0.0555,  1.7520],
        ...,
        [ 0.5611, -0.4843,  1.0264,  ..., -0.0325,  0.2991,  1.2359],
        [ 0.4537, -0.1640,  0.3882,  ...,  0.4846,  1.1412,  0.7568],
        [ 0.2009,  0.1926,  0.9189,  ...,  1.2083,  1.2065,  0.8506]],
       grad_fn=<MmBackward0>)
est_pi:  tensor([[2.4166e-02, 3.9415e-04, 9.9360e-04, 1.7023e-01, 8.0312e-01, 1.0688e-03],
        [1.2900e-03, 1.1446e-02, 1.0371e-03, 1.2236e-05, 7.5125e-02, 9.1109e-01],
        [6.2916e-05, 7.3436e-03, 2.0000e-01, 7.8070e-01, 1.3344e-13, 1.1892e-02],
        [4.0821e-03, 4.0918e-01, 1.9955e-06, 5.7486e-01, 1.7107e-08, 1.1878e-02],
        [2.2615e-01, 4.3903e-01, 5.4684e-03, 3.9196e-03, 3.2543e-01, 1.5542e-09],
        [8.4942e-06, 1.3825e-07, 5.5362e-06, 9.9998e-01, 7.8931e-08, 4.0793e-09],
        [5.9953e-08, 4.0603e-07, 6.3321e-04, 9.4316e-01, 4.7077e-03, 5.1501e-02],
        [7.2459e-02, 1.1215e-02, 1.8417e-02, 4.3737e-01, 4.6050e-01, 3.5408e-05],
        [9.2658e-03, 3.6989e-02, 9.4996e-01, 8.0274e-04, 1.7494e-05, 2.9629e-03],
        [2.0274e-06, 4.1343e-01, 5.7071e-01, 1.4619e-03, 7.6268e-03, 6.7667e-03],
        [5.1642e-13, 5.8763e-02, 6.0011e-01, 2.6910e-01, 3.9366e-02, 3.2620e-02],
        [3.1543e-03, 1.4473e-04, 1.4003e-05, 1.3608e-02, 3.0241e-02, 9.5283e-01],
        [5.4314e-06, 6.1180e-01, 3.8317e-01, 5.0278e-03, 2.6899e-08, 1.4366e-09],
        [3.0438e-01, 4.1564e-01, 2.7713e-03, 7.4049e-02, 1.3305e-03, 2.0183e-01],
        [4.2190e-01, 5.7338e-01, 3.5053e-03, 2.0424e-04, 8.9714e-04, 1.0584e-04],
        [3.6770e-01, 2.1589e-05, 4.1416e-01, 1.4769e-01, 3.7575e-02, 3.2849e-02],
        [7.8477e-01, 9.5450e-03, 1.5528e-01, 3.1213e-02, 1.4699e-02, 4.4952e-03],
        [6.3583e-01, 1.5968e-03, 5.3973e-02, 1.1898e-01, 4.1303e-04, 1.8921e-01],
        [4.4808e-09, 4.1013e-01, 4.8823e-02, 4.9633e-02, 2.0629e-06, 4.9141e-01],
        [4.4513e-06, 9.4981e-01, 1.0195e-06, 1.1092e-05, 1.7289e-02, 3.2879e-02],
        [2.3252e-08, 2.5961e-03, 4.6272e-01, 4.8602e-01, 3.8706e-02, 9.9568e-03],
        [6.4700e-05, 1.0021e-02, 5.8754e-01, 2.1310e-01, 1.1533e-01, 7.3943e-02],
        [3.3647e-01, 3.3676e-01, 1.1370e-04, 8.6808e-03, 3.1797e-01, 2.5937e-06],
        [3.6919e-08, 4.2066e-09, 5.2322e-02, 9.4233e-02, 7.5937e-01, 9.4076e-02],
        [2.8980e-04, 9.4024e-01, 5.4555e-06, 5.7129e-03, 1.1631e-07, 5.3747e-02],
        [1.1668e-01, 1.7852e-04, 1.0144e-03, 5.9142e-01, 2.8119e-01, 9.5167e-03],
        [5.4353e-02, 1.2949e-07, 7.1360e-01, 1.3284e-02, 6.0700e-11, 2.1876e-01],
        [6.1709e-01, 8.6756e-04, 2.4461e-04, 4.8525e-05, 3.8100e-01, 7.4115e-04],
        [9.6630e-02, 4.9617e-01, 2.4327e-01, 7.5959e-04, 1.6311e-01, 5.8558e-05],
        [8.4964e-02, 5.4667e-08, 2.8653e-01, 2.5387e-01, 3.6830e-01, 6.3341e-03],
        [3.8048e-01, 4.2782e-02, 1.6728e-02, 4.1012e-02, 2.2078e-01, 2.9821e-01],
        [4.0480e-01, 7.4141e-02, 1.5087e-03, 4.8810e-08, 5.1822e-01, 1.3300e-03]],
       grad_fn=<DivBackward0>)
est_z:  tensor([[ 0.7171, -0.1647,  0.3825,  ..., -0.3306,  1.2783,  0.7702],
        [-0.3532,  0.0629,  0.6192,  ..., -0.3547, -0.5090, -0.7714],
        [-0.0632, -0.7504, -0.1914,  ..., -1.5169,  0.8181, -1.0186],
        ...,
        [-0.1889, -0.7844,  0.6165,  ..., -0.1128,  1.3367,  0.7941],
        [ 0.8113,  1.5803,  0.0843,  ..., -0.7513,  0.0717, -0.0604],
        [ 1.4450,  1.9368, -0.0750,  ..., -1.0207,  0.9485,  0.0559]],
       grad_fn=<MmBackward0>)
est_pi:  tensor([[5.4748e-01, 2.1886e-04, 3.2516e-04, 1.2466e-02, 2.4134e-01, 1.9817e-01],
        [1.3985e-05, 4.1518e-01, 4.9899e-01, 4.4878e-02, 4.0749e-02, 1.9486e-04],
        [1.8504e-01, 5.8541e-01, 7.6064e-04, 4.3082e-02, 8.5338e-02, 1.0037e-01],
        [4.7886e-01, 5.7226e-04, 1.5978e-05, 5.1401e-01, 6.1627e-03, 3.8356e-04],
        [4.3969e-01, 1.0018e-02, 8.9467e-03, 8.1953e-03, 5.3976e-02, 4.7917e-01],
        [6.1045e-06, 4.9667e-01, 3.8941e-06, 3.0707e-02, 4.7261e-01, 1.9439e-06],
        [1.6230e-07, 2.8510e-04, 2.7939e-01, 6.5504e-01, 1.5822e-02, 4.9455e-02],
        [9.8048e-01, 1.0456e-02, 8.8957e-03, 7.3892e-10, 8.9214e-08, 1.6448e-04],
        [1.0562e-02, 3.9849e-01, 9.1502e-09, 1.9218e-03, 1.7814e-01, 4.1088e-01],
        [5.2006e-01, 4.7521e-01, 2.3318e-03, 1.1624e-03, 7.7811e-04, 4.5931e-04],
        [2.2706e-02, 8.8406e-01, 2.4586e-12, 3.7880e-02, 4.7912e-02, 7.4381e-03],
        [1.9393e-03, 6.4071e-05, 3.4716e-01, 3.8607e-03, 6.3272e-01, 1.4250e-02],
        [2.6452e-03, 1.4313e-01, 4.3281e-03, 4.0442e-04, 3.8740e-01, 4.6209e-01],
        [8.4794e-01, 4.6958e-02, 2.5768e-05, 9.4067e-02, 9.4303e-03, 1.5796e-03],
        [1.9863e-02, 3.1531e-05, 9.5056e-01, 2.8971e-03, 2.6425e-02, 2.1954e-04],
        [4.3153e-02, 2.6285e-01, 2.9594e-01, 2.4206e-01, 1.3565e-01, 2.0342e-02],
        [1.9547e-05, 1.4239e-02, 1.2219e-01, 4.4027e-01, 3.1383e-01, 1.0945e-01],
        [9.1557e-01, 8.3025e-02, 1.2556e-05, 1.6453e-10, 1.1284e-06, 1.3844e-03],
        [3.3611e-04, 1.2030e-01, 8.6556e-01, 3.8873e-05, 6.4382e-03, 7.3222e-03],
        [2.7911e-01, 1.3071e-01, 1.4907e-10, 5.9205e-02, 7.8851e-02, 4.5212e-01],
        [4.3701e-02, 7.6205e-07, 7.6385e-04, 9.1974e-06, 2.9388e-07, 9.5552e-01],
        [3.8948e-02, 1.0247e-01, 1.8640e-03, 2.5300e-03, 8.5418e-01, 7.1491e-08],
        [5.1482e-01, 7.7268e-05, 3.5756e-02, 3.7085e-02, 4.0805e-01, 4.2073e-03],
        [1.1140e-02, 9.2572e-01, 6.8719e-04, 1.8348e-05, 6.1630e-02, 8.0598e-04],
        [8.8906e-02, 3.6328e-01, 3.3107e-01, 2.1665e-01, 9.7977e-05, 4.1990e-18],
        [1.6251e-04, 2.7291e-01, 2.0509e-04, 5.9116e-01, 1.3543e-01, 1.2378e-04],
        [3.7946e-01, 4.0960e-01, 1.8821e-04, 3.1014e-04, 4.5654e-03, 2.0587e-01],
        [7.6363e-01, 2.1036e-01, 2.1772e-03, 1.3953e-02, 6.5920e-03, 3.2896e-03],
        [7.7322e-01, 1.1396e-04, 4.8713e-06, 2.2662e-01, 2.1977e-05, 9.5297e-08],
        [6.0122e-01, 5.4178e-03, 1.0432e-02, 1.4475e-02, 3.6841e-01, 3.3367e-05],
        [1.0544e-02, 1.7074e-02, 9.9885e-04, 2.3315e-01, 2.7906e-01, 4.5917e-01],
        [3.7632e-03, 8.1360e-07, 3.2194e-04, 4.7942e-05, 3.1580e-01, 6.8006e-01]],
       grad_fn=<DivBackward0>)
est_z:  tensor([[ 0.8044, -0.0037,  0.2844,  ...,  0.3885,  0.3892,  1.3077],
        [ 0.3046,  0.2229,  0.0557,  ..., -0.1453,  0.3859,  1.1573],
        [ 0.7853,  1.1668,  0.1873,  ...,  0.6468,  0.6058,  0.9835],
        ...,
        [-0.1420,  0.5073, -0.4739,  ..., -1.1883,  0.3030,  2.6103],
        [ 0.6526,  0.1086, -0.0342,  ..., -0.2675,  0.8772,  1.7252],
        [-0.8296,  0.6261, -0.2622,  ..., -0.7899, -0.3816,  0.8100]],
       grad_fn=<MmBackward0>)
est_pi:  tensor([[2.3495e-01, 3.9897e-05, 2.3877e-01, 2.3391e-01, 2.8718e-01, 5.1455e-03],
        [1.6443e-01, 3.7038e-01, 1.4875e-01, 8.5286e-05, 9.8122e-02, 2.1822e-01],
        [7.4694e-01, 9.1411e-07, 9.2220e-03, 2.0477e-01, 3.9033e-02, 3.0733e-05],
        [5.7125e-01, 6.9829e-03, 1.1608e-01, 2.0291e-01, 2.2033e-02, 8.0742e-02],
        [1.1249e-01, 1.0183e-01, 7.0211e-01, 1.1184e-03, 8.2453e-02, 2.1578e-16],
        [3.0141e-01, 3.7623e-01, 1.8904e-01, 1.0566e-01, 9.2333e-03, 1.8441e-02],
        [1.7221e-02, 1.9991e-02, 1.7403e-02, 9.2255e-01, 2.0574e-02, 2.2541e-03],
        [2.5884e-09, 3.0408e-05, 1.3378e-05, 4.5121e-03, 2.1611e-02, 9.7383e-01],
        [4.6456e-08, 6.1402e-12, 2.9363e-06, 9.9990e-01, 2.4182e-05, 6.9507e-05],
        [9.9360e-01, 4.9166e-15, 4.0630e-07, 1.9505e-06, 3.8587e-09, 6.3908e-03],
        [7.3773e-02, 1.4565e-13, 4.2936e-01, 1.0452e-01, 3.9230e-01, 3.9587e-05],
        [9.0940e-03, 3.1894e-01, 6.6371e-01, 3.5399e-04, 7.9023e-03, 2.1558e-08],
        [5.6568e-05, 7.1139e-01, 8.0278e-06, 7.6447e-06, 2.1919e-01, 6.9349e-02],
        [1.9157e-02, 6.8809e-04, 8.5627e-06, 1.1366e-01, 1.3185e-03, 8.6517e-01],
        [2.1423e-01, 1.0624e-06, 1.1413e-04, 5.2130e-03, 5.3494e-01, 2.4550e-01],
        [3.7448e-03, 4.6161e-02, 5.0785e-01, 5.5036e-03, 3.9861e-01, 3.8129e-02],
        [1.9501e-01, 3.4879e-06, 1.1021e-01, 4.2023e-02, 6.3064e-01, 2.2116e-02],
        [6.9481e-03, 1.4002e-01, 2.5388e-03, 4.5646e-01, 3.9403e-01, 1.4326e-07],
        [6.4524e-01, 1.7142e-07, 2.9076e-01, 5.2161e-02, 1.1022e-02, 8.0927e-04],
        [1.7456e-01, 1.6159e-01, 4.5849e-01, 2.5319e-02, 1.3915e-01, 4.0895e-02],
        [2.0947e-01, 2.5430e-02, 2.6093e-01, 4.7595e-01, 1.3903e-05, 2.8205e-02],
        [1.1548e-04, 1.8910e-01, 1.6505e-02, 1.7450e-01, 2.8891e-17, 6.1975e-01],
        [1.0173e-01, 8.6060e-01, 2.4161e-08, 1.2685e-02, 2.4978e-02, 7.9353e-07],
        [7.0498e-05, 8.7999e-01, 2.2086e-07, 1.1561e-01, 3.9390e-04, 3.9180e-03],
        [8.3407e-01, 3.6723e-05, 3.7491e-05, 1.6418e-01, 1.6660e-03, 7.9624e-06],
        [1.1200e-01, 2.8420e-01, 3.6605e-01, 5.1681e-04, 4.7624e-03, 2.3246e-01],
        [6.0517e-01, 4.6831e-04, 5.7450e-03, 3.0658e-05, 3.0761e-01, 8.0975e-02],
        [9.0919e-01, 5.1368e-02, 6.0214e-07, 2.9104e-05, 5.2988e-03, 3.4109e-02],
        [6.6206e-01, 1.0100e-01, 4.5082e-02, 1.5665e-01, 3.3332e-02, 1.8787e-03],
        [3.7997e-02, 1.0438e-09, 5.8288e-02, 8.9435e-01, 9.3537e-03, 1.3161e-05],
        [1.9033e-01, 8.0684e-02, 2.0810e-01, 1.4446e-01, 1.9328e-04, 3.7623e-01],
        [5.4404e-09, 9.1625e-01, 9.3660e-03, 1.7284e-02, 5.7094e-02, 4.4926e-07]],
       grad_fn=<DivBackward0>)
est_z:  tensor([[-0.1819,  0.1371,  1.4613,  ...,  0.9860,  1.0099,  1.7476],
        [-0.5747, -0.8126,  1.0618,  ...,  0.0969,  2.5688, -0.6428],
        [-0.1777, -0.4465,  2.0732,  ...,  0.2449,  0.5808,  0.9107],
        ...,
        [ 0.0463, -0.6038,  1.4821,  ...,  0.4365,  2.1302, -0.0663],
        [ 0.0651, -0.7063,  1.9331,  ...,  0.1182,  0.8234,  0.8466],
        [ 0.2648,  0.7341,  1.8849,  ...,  1.2498,  1.8099,  0.1881]],
       grad_fn=<MmBackward0>)
est_pi:  tensor([[3.6597e-05, 2.1146e-07, 8.1087e-02, 2.3357e-01, 6.1655e-01, 6.8760e-02],
        [1.8445e-02, 7.9025e-01, 2.2119e-04, 3.3226e-03, 5.8773e-05, 1.8770e-01],
        [2.2561e-02, 8.3605e-03, 2.6940e-02, 6.9428e-01, 1.1653e-01, 1.3132e-01],
        [9.0878e-02, 3.6844e-04, 2.7868e-01, 7.0418e-06, 5.9641e-01, 3.3654e-02],
        [8.6844e-02, 4.8238e-04, 7.3666e-03, 8.0140e-01, 1.0390e-01, 1.9119e-10],
        [1.4295e-01, 1.4691e-04, 2.5987e-05, 8.5687e-01, 1.9036e-07, 3.4113e-07],
        [3.9260e-04, 6.1944e-01, 9.9823e-02, 7.3841e-06, 2.3335e-06, 2.8033e-01],
        [3.1884e-07, 8.8687e-10, 3.0963e-03, 1.4831e-03, 1.3716e-02, 9.8170e-01],
        [5.6298e-02, 3.1382e-01, 6.2977e-01, 4.1606e-06, 4.7183e-05, 5.7222e-05],
        [1.7613e-03, 1.7840e-01, 4.0600e-01, 3.0223e-04, 4.1335e-01, 1.9266e-04],
        [4.4483e-02, 5.2770e-02, 1.8086e-03, 4.0968e-07, 3.0308e-06, 9.0093e-01],
        [3.7026e-05, 1.4871e-01, 8.2828e-01, 5.5597e-05, 1.4521e-02, 8.3893e-03],
        [1.2372e-04, 4.6476e-04, 9.1093e-01, 8.4113e-03, 7.9942e-02, 1.2080e-04],
        [3.6324e-07, 2.1058e-01, 7.7155e-08, 5.6112e-03, 7.8352e-01, 2.9050e-04],
        [2.7716e-01, 1.8827e-01, 4.8970e-01, 4.1858e-12, 4.4861e-02, 2.7426e-07],
        [5.4731e-01, 2.6707e-01, 4.5292e-08, 8.4020e-04, 1.8073e-01, 4.0517e-03],
        [2.2943e-03, 8.9574e-02, 4.7295e-04, 8.3210e-01, 7.5546e-02, 3.6096e-06],
        [4.1659e-01, 7.2900e-02, 9.8982e-02, 2.9416e-01, 3.1959e-02, 8.5406e-02],
        [6.6987e-01, 2.0003e-06, 2.3964e-01, 3.1662e-02, 2.3316e-06, 5.8818e-02],
        [3.3315e-01, 3.3632e-03, 2.6271e-02, 8.2414e-07, 6.3721e-01, 1.6042e-07],
        [1.1783e-01, 9.1552e-03, 2.7443e-05, 2.8860e-01, 5.8328e-01, 1.0886e-03],
        [8.7983e-01, 8.4221e-02, 1.1485e-02, 1.9887e-04, 8.3590e-03, 1.5898e-02],
        [4.8507e-03, 7.9977e-03, 7.7137e-01, 1.8293e-07, 2.1577e-01, 1.2808e-05],
        [5.6526e-03, 1.6259e-01, 1.5513e-02, 1.2055e-06, 8.1610e-01, 1.3762e-04],
        [9.7446e-02, 1.3392e-04, 3.6417e-01, 2.8018e-01, 2.4341e-01, 1.4663e-02],
        [1.9146e-01, 2.6363e-01, 4.0988e-03, 3.5382e-01, 1.4167e-02, 1.7282e-01],
        [8.9202e-03, 1.1702e-02, 6.4147e-03, 3.7470e-02, 5.0055e-01, 4.3494e-01],
        [3.8273e-03, 7.0329e-01, 1.5528e-02, 1.6656e-01, 1.0927e-02, 9.9856e-02],
        [3.5551e-06, 8.6126e-02, 2.4151e-01, 3.5843e-04, 8.4111e-04, 6.7116e-01],
        [2.9287e-07, 5.7865e-01, 1.4173e-01, 1.4621e-01, 1.3340e-01, 8.1108e-06],
        [5.2004e-04, 1.6389e-01, 3.6363e-03, 7.0153e-01, 1.3040e-01, 2.0579e-05],
        [4.9559e-01, 3.8296e-03, 4.9242e-01, 7.9814e-03, 9.5967e-05, 7.3575e-05]],
       grad_fn=<DivBackward0>)
est_z:  tensor([[ 0.9477, -0.4561,  2.9134,  ...,  1.6030,  0.1565, -1.3832],
        [ 0.6109, -0.1843,  2.6139,  ...,  0.6544,  0.0779, -0.7261],
        [ 0.1198, -0.0929,  2.8461,  ...,  0.4363, -0.2172, -0.5094],
        ...,
        [-0.1906,  1.1670,  1.6385,  ..., -0.1574, -0.4897,  1.6861],
        [ 0.5000,  1.9633,  2.2087,  ...,  2.6242,  0.5818, -0.3984],
        [-0.0238,  3.8508, -0.0847,  ...,  1.0661, -0.6678,  0.4713]],
       grad_fn=<MmBackward0>)
est_pi:  tensor([[7.5315e-03, 1.8252e-01, 9.0369e-03, 6.8464e-02, 7.3244e-01, 3.4859e-11],
        [3.5091e-01, 2.3572e-05, 1.7412e-02, 4.2981e-07, 6.3165e-01, 1.6615e-06],
        [6.6334e-05, 5.9727e-05, 3.4234e-01, 6.7089e-04, 6.5662e-01, 2.3253e-04],
        [2.9938e-02, 7.5000e-01, 6.1586e-03, 5.4639e-03, 1.9946e-02, 1.8849e-01],
        [6.3294e-01, 9.7781e-02, 1.2537e-01, 3.9410e-05, 1.3958e-02, 1.2991e-01],
        [3.0209e-09, 1.8103e-03, 2.1404e-02, 3.4720e-02, 6.0650e-07, 9.4206e-01],
        [3.5408e-03, 4.3767e-01, 2.2611e-01, 1.2832e-09, 3.5867e-03, 3.2907e-01],
        [1.6446e-03, 3.2153e-01, 4.1223e-03, 6.6919e-02, 1.2735e-02, 5.9305e-01],
        [8.1509e-02, 2.0293e-02, 1.3458e-06, 3.7763e-14, 8.8554e-01, 1.2653e-02],
        [3.3439e-01, 1.3631e-04, 6.0463e-01, 6.0815e-02, 1.1120e-05, 4.8714e-06],
        [1.4906e-02, 2.8315e-01, 4.1050e-02, 4.7326e-06, 3.9077e-01, 2.6998e-01],
        [5.7212e-01, 3.6294e-10, 3.0901e-04, 1.0935e-02, 5.7324e-03, 4.1089e-01],
        [4.2539e-07, 1.2022e-01, 1.5981e-02, 7.0005e-01, 4.0335e-04, 1.6335e-01],
        [3.6282e-01, 3.4334e-02, 3.2289e-03, 4.9755e-05, 5.9503e-01, 4.5262e-03],
        [3.8454e-02, 4.7327e-06, 4.5258e-02, 1.8162e-02, 8.9504e-01, 3.0820e-03],
        [1.2555e-03, 9.8597e-03, 2.0481e-01, 4.9571e-01, 5.0803e-02, 2.3756e-01],
        [3.3630e-01, 3.0359e-01, 8.4782e-02, 1.3623e-02, 7.7209e-02, 1.8449e-01],
